1
2
3
4
5
6
7
8
9
10
11
12
13
14
15
16
17
18
19
20
21
22
23
24
25
26
27
28
29
30
31
32
33
34
35
36
37
38
39
40
41
42
43
44
45
46
47
48
49
50
51
52
53
54
55
56
57
58
59
60
61
62
63
64
65
66
67
68
69
70
71
72
73
74
75
76
77
78
79
80
81
82
83
84
85
86
87
88
89
90
91
92
93
94
95
96
97
98
99
100
101
103
105
155
158
160
162
172
173
175
178
179
181
183
285
287
299
328
357
457
489
491
502
520
525
556
567
575
579
581
658
675
705
710
712
727
736
750
754
757
759
762
773
776
778
779
786
787
788
791
793
794
823
838
845
846
847
107
156
159
163
184
288
292
300
454
462
490
494
499
506
514
519
535
566
569
614
676
706
713
717
784
851
899
900
901
902
904
905
906
907
1014
1018
1019
1020
1044
1067
1068
1071
1074
1075
1076
1077
1079
1080
1082
1083
1090
1091
1093
1094
1095
1096
1097
157
164
187
192
289
301
459
503
512
515
582
583
613
665
711
714
720
855
903
908
909
1021
1073
1085
1107
1111
1123
1129
1130
1131
1132
1136
1138
1139
1140
1141
1145
1148
1162
1164
1165
1167
1170
1179
1201
1231
1234
1237
1238
1239
1240
165
190
290
293
303
498
508
513
527
584
600
612
678
715
723
770
856
910
911
975
998
1022
1098
1099
1109
1118
1124
1133
1144
1146
1150
1154
1166
1181
1232
1235
1241
1247
1294
1366
1368
1369
1370
1371
1378
1382
1390
1395
1396
1408
1409
1410
1411
1412
1418
1451
1453
1460
1470
1481
166
191
194
291
304
509
526
536
585
606
630
679
716
733
857
912
914
994
999
1023
1104
1110
1125
1149
1157
1158
1168
1229
1242
1295
1367
1372
1376
1397
1406
1414
1452
1478
1485
1492
1510
1522
1527
1533
1567
1570
1585
1586
1605
1607
1608
1611
1616
1624
1625
1639
1641
1649
1687
167
221
294
305
510
528
537
611
647
680
719
735
858
913
916
1000
1024
1106
1115
1126
1151
1159
1161
1171
1243
1291
1296
1373
1398
1440
1455
1486
1536
1587
1603
1609
1617
1623
1642
1711
1731
1743
1758
1759
1762
1765
1769
1776
1777
1778
1790
1829
1832
1833
1834
1840
1843
1844
1845
1847
168
196
286
306
517
529
538
659
681
721
738
783
859
915
918
1001
1025
1127
1152
1160
1173
1244
1297
1349
1361
1374
1400
1425
1457
1488
1539
1588
1619
1643
1670
1705
1712
1763
1764
1767
1779
1831
1875
1901
1938
1997
2000
2002
2006
2007
2025
2065
2067
2068
2069
2070
2071
2072
169
302
307
366
518
530
539
664
682
722
740
832
860
917
921
1004
1026
1128
1155
1163
1178
1249
1298
1375
1402
1450
1459
1489
1540
1558
1589
1621
1644
1713
1757
1760
1766
1780
1842
1853
1885
1942
1983
2003
2026
2074
2075
2080
2081
2084
2088
2092
2094
2102
2108
2109
2112
2113
2114
2117
2118
170
198
308
344
521
532
540
674
683
724
742
861
919
924
1005
1027
1156
1169
1180
1250
1299
1352
1377
1403
1419
1462
1490
1542
1590
1645
1714
1768
1771
1781
1848
1854
1899
1943
2004
2005
2027
2106
2115
2119
2125
2127
2129
2146
2147
2148
2166
2168
2175
2196
2197
2201
2204
2205
2206
2209
2210
2215
2216
2217
2218
171
309
356
367
523
533
541
555
684
726
745
920
926
1006
1028
1186
1252
1300
1383
1404
1433
1464
1544
1591
1606
1646
1715
1782
1855
1933
1945
2028
2087
2107
2116
2186
2189
2200
2225
2226
2227
2228
2229
2231
2235
2236
2238
2240
2244
2251
2264
2268
2271
2272
2274
2275
2308
2311
2317
2331
2332
2334
200
310
358
522
542
685
691
728
747
929
1007
1029
1190
1253
1301
1384
1405
1431
1465
1545
1592
1612
1626
1647
1716
1783
1902
1941
1947
2029
2079
2090
2104
2187
2230
2232
2237
2241
2245
2250
2266
2276
2318
2335
2337
2355
2357
2397
2398
2402
2403
2404
2407
2412
2415
2428
2466
2468
2482
2493
2494
311
359
368
531
543
686
729
931
1008
1030
1195
1254
1302
1385
1407
1423
1466
1546
1593
1610
1627
1648
1717
1784
1903
1949
1952
2030
2082
2091
2105
2188
2233
2267
2277
2320
2330
2333
2338
2353
2358
2396
2405
2409
2429
2467
2474
2495
2496
2498
2502
2504
2513
2519
2521
2523
2528
2531
2533
2534
2537
2539
2540
202
312
360
524
687
730
934
1031
1200
1255
1303
1386
1429
1467
1547
1594
1628
1650
1718
1755
1904
1950
1965
2031
2093
2191
2208
2234
2247
2253
2278
2322
2339
2352
2356
2359
2388
2395
2408
2414
2421
2430
2499
2503
2505
2514
2526
2535
2538
2541
2548
2549
2550
2551
2552
2553
2554
2561
2566
2569
2573
2576
2579
2580
2615
2617
2618
2620
313
361
369
568
688
731
936
1256
1304
1387
1445
1468
1549
1595
1629
1640
1652
1719
1906
1953
1971
2032
2095
2193
2211
2254
2279
2323
2340
2354
2367
2424
2431
2455
2465
2500
2506
2507
2509
2515
2527
2542
2567
2581
2616
2621
2623
2624
2625
2628
2663
2668
2669
2670
2671
2672
2673
2706
2709
2713
2714
2715
2716
2717
2719
2720
2723
2726
2730
204
314
365
570
689
732
939
1257
1305
1389
1428
1469
1550
1596
1630
1653
1689
1720
1907
1954
1972
2033
2097
2194
2219
2255
2280
2324
2341
2393
2399
2425
2432
2469
2501
2508
2511
2516
2522
2530
2543
2582
2619
2626
2661
2662
2674
2710
2711
2724
2740
2752
2761
2762
2768
2770
2771
2772
2774
2777
2778
2784
2785
2788
2802
2803
2805
2807
315
371
578
690
734
942
1258
1308
1391
1437
1471
1552
1597
1631
1654
1696
1721
1956
1973
2034
2098
2195
2213
2256
2281
2325
2342
2392
2400
2426
2433
2470
2512
2524
2544
2570
2583
2627
2666
2675
2712
2733
2753
2754
2769
2773
2780
2786
2791
2796
2813
2816
2845
2861
2866
2874
2876
2887
2897
2903
2910
2948
2966
2967
2968
2969
2972
2997
2998
3020
3023
3024
206
316
586
737
944
1259
1307
1444
1472
1553
1598
1632
1655
1722
1761
1958
1977
2035
2220
2257
2282
2326
2343
2391
2410
2427
2434
2473
2525
2545
2584
2629
2676
2718
2734
2757
2759
2766
2782
2789
2810
2815
2817
2846
2875
2878
2882
2886
2894
2911
3043
3073
3103
3104
3106
3138
3145
3146
3156
3161
3177
3179
3180
3181
3182
3184
3188
3189
3190
317
372
588
739
947
1260
1311
1417
1473
1554
1599
1633
1656
1723
1775
1959
1979
2036
2103
2261
2283
2327
2390
2413
2435
2475
2484
2546
2556
2585
2630
2731
2735
2751
2758
2818
2820
2824
2836
2847
2912
3130
3140
3162
3191
3193
3196
3249
3265
3271
3280
3286
3294
3297
3312
3322
3344
3349
3350
3352
3356
3362
3366
3367
3373
3396
3397
3399
3403
3404
3405
3406
3407
3409
208
318
589
741
949
1261
1312
1449
1474
1555
1600
1634
1657
1724
1960
1980
2110
2262
2284
2389
2418
2436
2476
2485
2586
2631
2736
2750
2755
2760
2819
2821
2839
2848
2901
2913
3083
3139
3143
3178
3192
3197
3199
3201
3272
3346
3369
3374
3400
3416
3417
3484
3506
3521
3527
3528
3539
3540
3546
3560
3562
3563
3576
3577
3578
3580
3581
3583
3584
3587
3594
3595
3604
3607
3608
319
374
743
952
1262
1313
1426
1475
1557
1601
1635
1658
1725
1963
1982
2111
2260
2263
2285
2387
2420
2437
2477
2486
2587
2678
2737
2763
2764
2779
2825
2844
2849
2865
2914
3071
3141
3144
3164
3195
3245
3277
3278
3281
3347
3370
3376
3401
3552
3565
3588
3610
3629
3632
3706
3734
3740
3746
3748
3772
3788
3806
3810
3813
3824
3831
3836
3839
3843
3845
3850
3852
3859
3862
3865
3871
3873
210
320
744
954
1263
1314
1420
1476
1559
1636
1659
1726
1966
1984
2120
2265
2286
2386
2438
2489
2578
2588
2680
2738
2767
2794
2797
2826
2853
2864
2868
2872
2915
3142
3166
3198
3205
3290
3293
3342
3348
3371
3377
3402
3566
3634
3707
3735
3745
3780
3795
3800
3811
3819
3826
3840
3854
3883
3888
3940
3947
3948
3953
3973
3998
4000
4022
4028
4060
4070
4077
4080
4081
4095
4099
4100
4101
4105
321
375
746
957
1264
1315
1434
1477
1561
1637
1660
1727
1987
2121
2287
2385
2439
2488
2589
2681
2721
2739
2828
2829
2843
2857
2877
2880
2883
2885
2916
3031
3152
3167
3220
3298
3351
3372
3379
3561
3567
3622
3636
3708
3717
3744
3804
3829
3830
3857
3867
3890
3949
3955
3965
3981
3990
4029
4051
4072
4079
4090
4098
4111
4210
4211
4228
4262
4283
4285
4287
4289
4290
4293
4294
4295
213
322
748
960
1265
1316
1422
1479
1562
1638
1661
1728
1989
2122
2288
2440
2490
2590
2682
2741
2830
2842
2860
2895
2917
2928
3032
3072
3153
3168
3229
3303
3368
3375
3381
3568
3624
3625
3637
3709
3763
3766
3767
3805
3807
3834
3874
3895
3951
3956
3984
4008
4030
4059
4088
4112
4163
4206
4255
4288
4291
4335
4336
4338
4340
4342
4347
4370
4375
4379
4439
4444
4450
4454
4457
4459
323
376
962
1266
1317
1394
1564
1662
1729
1991
2123
2289
2441
2491
2591
2683
2742
2832
2841
2862
2888
2909
2918
3113
3148
3154
3169
3273
3340
3378
3382
3410
3569
3626
3638
3710
3762
3768
3802
3812
3841
3848
3897
3917
3957
3958
3986
4010
4031
4157
4212
4279
4334
4337
4343
4348
4377
4381
4383
4453
4455
4456
4468
4472
4474
4475
4480
4481
4503
4505
4526
4550
4566
4572
4584
4587
4594
4595
215
325
877
965
1267
1318
1461
1565
1663
1730
1999
2124
2442
2492
2592
2684
2743
2834
2840
2891
2919
3022
3034
3155
3194
3247
3276
3345
3384
3547
3570
3579
3639
3690
3711
3761
3784
3814
3822
3846
3860
3899
3945
3954
3959
3960
4032
4166
4229
4240
4298
4333
4344
4349
4364
4378
4508
4527
4567
4571
4586
4588
4596
4599
4603
4608
4638
4655
4656
4696
4705
4774
4780
4781
4788
4809
4810
4814
4816
4832
4834
326
379
878
967
1269
1319
1447
1664
1732
2044
2126
2443
2593
2685
2744
2838
2893
2920
3035
3151
3157
3288
3380
3385
3411
3549
3571
3641
3664
3668
3712
3760
3828
3866
3900
3952
3961
3972
3996
4017
4033
4073
4173
4234
4248
4303
4332
4350
4372
4382
4384
4482
4528
4551
4573
4590
4597
4606
4637
4657
4782
4789
4808
4811
4815
4817
4837
4874
4876
4877
4878
4904
4906
4907
4910
4915
4916
4919
4920
4921
217
327
970
1270
1321
1446
1665
1733
2045
2130
2290
2594
2686
2745
2835
2896
2921
3036
3160
3223
3291
3383
3387
3418
3559
3642
3691
3713
3759
3770
3832
3863
3869
3901
3962
4026
4034
4108
4135
4174
4236
4252
4286
4309
4331
4351
4385
4389
4409
4483
4529
4552
4574
4591
4602
4607
4639
4660
4790
4812
4813
4818
4827
4839
4879
4909
4912
4924
4930
4968
4972
4974
4977
4979
4984
4987
4988
4990
5009
329
381
972
1271
1322
1427
1734
2046
2138
2291
2595
2687
2746
2831
2898
2922
3037
3176
3274
3304
3386
3388
3564
3677
3714
3758
3771
3833
3876
3907
3943
3963
4035
4114
4138
4165
4176
4237
4275
4330
4339
4352
4386
4397
4476
4484
4530
4553
4575
4592
4598
4609
4645
4663
4791
4819
4823
4840
4880
4881
4913
4918
4923
4926
4967
4994
5017
5027
5029
5030
5031
5032
5034
5035
5036
5039
5062
5070
5103
5111
219
330
976
1272
1323
1442
1735
2047
2292
2596
2688
2747
2827
2900
2924
3038
3088
3389
3455
3585
3681
3715
3757
3835
3885
3909
3964
3970
4036
4121
4172
4221
4239
4281
4329
4346
4353
4387
4401
4485
4531
4554
4570
4576
4593
4604
4611
4651
4665
4674
4792
4820
4845
4860
4882
4893
4927
4928
4932
4966
4995
5018
5038
5040
5043
5071
5101
5104
5114
5119
5123
5128
5136
5138
5139
5141
5142
5143
5149
5152
5172
331
382
978
1273
1324
1448
1736
2048
2293
2597
2749
2822
2925
3039
3390
3586
3646
3682
3716
3756
3773
3838
3891
3966
3976
4037
4192
4242
4282
4328
4345
4354
4367
4388
4408
4486
4532
4555
4577
4600
4601
4612
4652
4667
4684
4793
4821
4846
4871
4883
4894
4931
4933
4960
4964
4983
4996
5019
5042
5045
5105
5106
5116
5120
5130
5150
5151
5153
5176
5188
5209
5230
5232
5239
5240
5241
5259
5261
5264
5267
5271
252
334
981
1274
1325
1432
1737
2049
2294
2598
2690
2814
2926
3040
3101
3391
3647
3683
3718
3755
3774
3781
3884
3904
3914
3967
3977
4038
4223
4284
4327
4356
4360
4369
4390
4410
4422
4487
4533
4556
4578
4613
4670
4679
4687
4708
4794
4822
4848
4884
4895
4963
4965
4970
4971
4997
5020
5044
5046
5068
5079
5110
5118
5154
5173
5175
5179
5195
5210
5236
5244
5268
5276
5277
5285
5302
5303
5314
5316
5334
5335
5340
335
384
982
1275
1326
1454
1738
2050
2295
2599
2691
2812
2929
3041
3102
3392
3719
3754
3803
3815
3916
3968
3979
4039
4220
4302
4326
4357
4366
4376
4391
4423
4428
4488
4534
4557
4579
4614
4673
4685
4688
4784
4795
4824
4849
4885
4896
4922
4962
4975
4998
5021
5047
5069
5080
5113
5133
5155
5181
5182
5192
5197
5216
5249
5260
5262
5269
5272
5286
5304
5317
5332
5336
5337
5338
5356
5373
5388
5390
5391
5392
270
336
983
1276
1331
1438
1739
2051
2296
2565
2600
2692
2809
2931
3393
3721
3816
3919
3969
3985
4040
4117
4304
4325
4358
4368
4392
4412
4424
4440
4489
4535
4558
4580
4615
4676
4691
4694
4796
4825
4851
4875
4897
4961
4969
4989
4999
5022
5048
5057
5072
5081
5140
5156
5183
5184
5199
5205
5208
5215
5266
5270
5273
5287
5305
5318
5333
5349
5357
5372
5374
5407
5408
5411
5413
5416
5417
5427
5436
5454
5455
5456
5457
5459
337
387
984
1277
1332
1430
1740
2052
2297
2564
2601
2693
2808
2932
3394
3722
3817
3875
3920
3971
3989
4041
4230
4305
4324
4361
4371
4393
4425
4443
4490
4559
4581
4616
4678
4697
4698
4797
4826
4853
4898
4905
4959
4973
5000
5050
5061
5074
5082
5107
5112
5146
5157
5185
5198
5203
5214
5234
5288
5301
5306
5319
5339
5358
5375
5393
5406
5412
5414
5418
5426
5439
5460
5472
5473
5486
5491
5492
5505
5511
5524
5526
5533
5536
338
985
1278
1334
1421
1741
2053
2298
2563
2602
2694
2804
2933
3723
3921
3974
3992
4042
4119
4250
4251
4306
4323
4380
4394
4426
4446
4491
4560
4582
4617
4680
4699
4700
4828
4857
4958
4976
5001
5051
5064
5075
5083
5108
5115
5158
5168
5186
5204
5207
5213
5289
5307
5320
5347
5359
5371
5376
5405
5415
5419
5443
5476
5482
5487
5493
5508
5525
5554
5570
5571
5575
5581
5583
5591
5599
5600
5601
5608
5609
5611
5612
339
986
1279
1335
1443
1742
2054
2299
2603
2695
2801
2935
3724
3924
4043
4322
4395
4411
4451
4492
4583
4618
4682
4702
4719
4829
4856
4957
4981
5002
5053
5084
5097
5121
5135
5159
5174
5178
5212
5231
5252
5290
5308
5321
5348
5360
5377
5404
5420
5444
5483
5494
5507
5509
5527
5546
5563
5576
5602
5603
5613
5617
5635
5642
5644
5648
5654
5672
5685
5688
5705
5719
5737
5742
5746
5762
5770
5774
5776
5777
